Name	CONTROLE_1_L007	CONTROLE_1_L008	SAL_24_1_L007	SAL_24_1_L008	SAL_48_1_L007	SAL_48_1_L008	SAL_48_2_L007	SAL_48_2_L008	SAL_48_3_L007	SAL_48_3_L008
CHLRE_12g561602v5	6.18305	6.28089	3.35297	4.1451	3.58526	4.34872	3.69992	3.99153	8.12318	8.59776
CHLRE_12g561550v5	9.79778	9.25823	21.4519	20.3695	9.78572	9.82866	17.9433	18.4634	15.082	14.9669
CHLRE_12g561500v5	239.392	240.16	170.639	176.964	278.71	270.687	181.748	177.961	119.905	124.973
CHLRE_12g561300v5	2.50753	2.74622	0	0	0	0	0.735842	2.76869	17.9838	17.4262
CHLRE_12g561200v5	42.5135	39.8182	48.9025	46.4762	28.0125	25.8347	40.1886	36.662	43.4794	41.0757
CHLRE_12g561150v5	0	0	5.48411	5.28787	0	2.1192	0	0	6.48733	7.07125
CHLRE_12g561150v5	5.62101	6.21103	0	0	1.98843	0	6.43842	4.9758	0	0
CHLRE_12g561101v5	5.73908	6.50596	12.8447	13.4183	3.5017	4.13671	6.63286	7.28719	5.24071	4.79951
CHLRE_12g561100v5	14.1777	14.0886	9.86197	10.1627	6.70797	6.72862	11.4222	10.0477	14.1813	14.2138
