Cre16.g677382.t2.1,77.1613120021219,4.59870099984824,4.06857937010339,72.5626110022737,0.997910164957646,72.6765839425473
Cre03.g149350.t1.1,32.5698070008957,0.392826999987037,6.37349726743031,32.1769800009086,0.99699063753901,32.802126598695
Cre02.g109650.t1.1,35.0625375009642,2.38745899992121,3.87638254582609,32.675078501043,0.995263040570664,32.9042109264287
Cre03.g149400.t1.1,25.9064895007124,1.76636499994171,3.87445813811787,24.1401245007707,0.993730494872938,24.4490702640558
Cre01.g011150.t1.1,17.2289760004738,0.0100674999996678,10.7409157703476,17.2189085004741,0.992615916183683,20.294286918574
Cre16.g674890.t2.1,16.6514620004579,0.24999999999175,6.05757694659864,16.4014620004662,0.992225813642443,17.4843414007134
Cre04.g216200.t1.2,23.0503205006339,2.10958399993038,3.44975637119109,20.9407365007035,0.991083370485956,21.2229890499069
Cre08.g370200.t1.2,13.7698020003787,0.24999999999175,5.7834359096638,13.5198020003869,0.990052385198395,14.7048691612967
Cre16.g667450.t1.2,53.2083585014632,8.20186499972934,2.69762899386498,45.0064935017339,0.989773740526081,45.0872671550423
Cre06.g268600.t1.2,41.5140530011416,233.604185492291,-2.49239442955813,192.090132491149,0.989049264378065,-192.106301381448
Cre04.g231516.t2.1,12.1563480003343,0.24999999999175,5.60363797559638,11.9063480003426,0.988380517164512,13.1590988014684
Cre03.g212641.t1.1,11.0068350003027,0.24999999999175,5.46032777856961,10.7568350003109,0.986708649130629,12.063361002363
Cre02.g101850.t1.2,11.8278465003253,58.7535849980611,-2.3124894583829,46.9257384977359,0.985287561301828,-46.982683416904
Cre10.g430750.t1.1,85.1318010023411,17.9075889994091,2.2491270394749,67.2242120029321,0.985287561301828,67.2618261115088
Cre08.g364450.t1.2,12.835223000353,62.362939997942,-2.28058058146868,49.5277169975891,0.984953187695051,-49.5801956307339
Cre13.g586450.t2.1,17.9032580004923,80.9849204973275,-2.17743115096709,63.0816624968352,0.984423762817655,-63.1192312198257
Cre12.g501600.t1.2,44.7827425012315,190.368972493718,-2.08778357164405,145.586229992486,0.983755015604102,-145.601199183479
Cre06.g278181.t1.1,10.146498000279,0.611421499979823,4.05267078207378,9.53507650029921,0.983141997325011,10.3605899607326
Cre04.g228400.t2.1,34.9240345009604,7.48620549975295,2.22191367535535,27.4378290012075,0.982166740971913,27.5276472056773
Cre03.g198800.t1.2,29.0422565007987,5.87926599980598,2.30444559363191,23.1629905009927,0.982055283102987,23.2773408799864
Cre08.g371052.t2.1,0.250000000006875,8.45434499972101,-5.07969298614391,8.20434499971413,0.979324565314311,-9.64958847349533
Cre09.g399067.t1.1,8.07544450022207,0.24999999999175,5.01354167293363,7.82544450023032,0.977680561747659,9.2937173258297
Cre09.g404351.t1.1,37.744152001038,10.1552874996649,1.89402205023607,27.5888645013731,0.977206865804726,27.6538019809556
Cre07.g340450.t1.1,27.5613480007579,6.93070249977129,1.99157295344554,20.6306455009867,0.976538118591173,20.7265505238155
Cre08.g371052.t1.1,7.68864000021144,0.24999999999175,4.9427284306834,7.43864000021969,0.975451404369148,8.93106541194019
Cre11.g467581.t1.1,7.66805200021087,0.24999999999175,4.93886012059462,7.41805200021912,0.975367810967454,8.91178067328605
Cre09.g399552.t1.1,16.871536500464,53.9368499982201,-1.67667990157317,37.0653134977561,0.974253232278199,-37.1032171136046
Cre12.g512750.t2.1,7.33479700020171,0.24999999999175,4.87475703808602,7.08479700020996,0.973640213999108,8.59986073809065
Cre15.g635650.t2.1,2.26737900006235,12.0525019996023,-2.41023520138851,9.78512299953992,0.973528756130183,-10.0775922641342
Cre16.g677382.t1.1,7.15059600019664,0.24999999999175,4.83806349518242,6.90059600020489,0.972553499777084,8.42763807608398
Cre16.g676421.t1.1,12.546560500345,38.9012814987163,-1.63252576210646,26.3547209983712,0.971912617030762,-26.4052354518177
Cre02.g103450.t1.1,23.818369000655,6.86311549977352,1.79513908663092,16.9552535008815,0.971745430227374,17.0500189331128
Cre16.g673250.t1.1,6.68590650018386,0.0457519999984902,7.19114455873281,6.64015450018537,0.970909496210432,9.78796259958754
Cre03.g194950.t1.1,82.9648710022815,28.4341099990617,1.54487795163854,54.5307610032199,0.970825902808738,54.5526401146245
Cre13.g572600.t1.2,11.6031740003191,35.1864149988388,-1.6004990286185,23.5832409985198,0.970630851538119,-23.6374883000473
Cre06.g278181.t2.1,2.98881800008219,13.0848914995682,-2.1302550076578,10.096073499486,0.97046366473473,-10.318366464934
Cre06.g269100.t1.1,0.535803500014735,7.02214349976827,-3.71213556805702,6.48633999975353,0.968290236290682,-7.47345683522938
Cre17.g742700.t2.1,6.54840850018008,0.24999999999175,4.71114432228753,6.29840850018833,0.968290236290682,7.86541991635963
Cre13.g586700.t1.1,13.8074690003797,39.1785144987071,-1.50461380872691,25.3710454983274,0.967398573339278,-25.4156214244628
Cre02.g083750.t2.1,6.44203250017716,0.24999999999175,4.68751593921077,6.19203250018541,0.967370708872046,7.76621350232578
Cre04.g216204.t1.1,6.38389750017556,0.24999999999175,4.67443748788989,6.13389750018381,0.966813419527419,7.71200780412932
Cre06.g283200.t1.2,25.0492160006889,64.3996344978748,-1.36228705016032,39.350418497186,0.966367588051716,-39.3739922018419
Cre16.g674890.t1.1,6.57289650018075,20.2881554993305,-1.62603653521452,13.7152589991497,0.96622826571556,-13.8113114593658
Cre10.g438850.t1.2,184.235579505066,74.5215394975408,1.30582231754775,109.714040007526,0.966200401248328,109.721810715545
Cre16.g651650.t1.1,10.9147835003002,30.0320959990089,-1.46022165283186,19.1173124987088,0.964528533214445,-19.1729988381757
Cre02.g115250.t1.1,65.2125980017934,26.3058724991319,1.30976579493843,38.9067255026614,0.964333481943825,38.9287654026818
Cre10.g429880.t1.1,1.8398475000506,9.17113449969735,-2.31751402083768,7.33128699964676,0.963107445385644,-7.68886469564713
Cre06.g256200.t1.2,18.981800500522,6.45274799978706,1.55663125441537,12.5290525007349,0.961797815425769,12.6253814765493
Cre02.g073650.t2.1,47.2071145012982,105.946697996504,-1.16626241732093,58.7395834952056,0.960794694605439,-58.7511603052764
Cre07.g319650.t1.1,8.40231850023106,1.6848574999444,2.31816089612749,6.71746100028666,0.959735844850646,7.1062051919929
Cre07.g334250.t1.1,3.84273350010568,12.6131094995838,-1.71471915423809,8.77037599947809,0.959707980383415,-8.93642864628439
Cre10.g429750.t1.1,8.52350700023439,1.76524349994175,2.27157994561323,6.75826350029265,0.959178555506019,7.12981072600809
Cre10.g421021.t1.2,5.50670800015143,0.24999999999175,4.46119010991603,5.25670800015968,0.958760588497548,6.89457730363185
Cre06.g250950.t1.2,63.5970350017489,137.641099495458,-1.11387991029673,74.0440644937089,0.958676995095854,-74.0524423311148
Cre08.g374400.t2.1,10.944777500301,26.9274904991114,-1.29883715866072,15.9827129988104,0.958509808292465,-16.0354012349882
Cre02.g119800.t1.1,6.70843650018448,0.928002999969376,2.85377519000414,5.78043350021511,0.958342621489077,6.44650636279002
Cre08.g359500.t1.1,7.84911300021585,1.4939204999507,2.39342625336286,6.35519250026515,0.958147570218457,6.79094698445754
Cre17.g698903.t1.2,10.1194185002783,2.69438099991109,1.90910061460151,7.4250375003672,0.957450958537673,7.66654074785565
Cre16.g657150.t1.1,2.32646050006398,9.32177749969238,-2.00246838535858,6.9953169996284,0.957032991529202,-7.27628611034852
Cre03.g177700.t1.1,8.94078550024587,2.1574984999288,2.05104202984174,6.78328700031707,0.95639210878288,7.0865898665612
Cre03.g152150.t1.2,55.7115925015321,112.500044496288,-1.01387611129768,56.7884519947554,0.954497325011146,-56.7975019233214
Cre10.g435450.t1.2,37.382529001028,17.0517754994373,1.13244220723915,20.3307535015907,0.954441596076683,20.3622681274749
Cre12.g522400.t1.1,36.9876330010172,16.907570499442,1.12937360973171,20.0800625015751,0.954358002674989,20.1117974039498
Cre03.g144747.t1.1,61.8588300017011,29.9214289990126,1.04780046889154,31.9374010026885,0.954107222469906,31.9545844696679
Cre04.g218050.t1.1,11.7066325003219,26.6196034991216,-1.18516294877858,14.9129709987996,0.953940035666518,-14.9599904821559
Cre09.g399289.t1.1,13.0294190003583,4.47607599985229,1.54146631625835,8.55334300050602,0.953661390994204,8.69113311878632
Cre04.g229948.t1.1,3.16613850008707,10.5221999996528,-1.73264010586711,7.3560614995657,0.953633526526973,-7.55735949401985
Cre08.g368700.t1.1,8.27351500022752,19.7832299993472,-1.2577057002406,11.5097149991196,0.953410610789122,-11.5782279727676
Cre07.g330650.t1.2,25.9453010007135,11.4491644996222,1.1802309513993,14.4961365010913,0.953271288452965,14.544102535286
Cre01.g002250.t1.2,20.9189250005753,9.00533799970282,1.21595638374568,11.9135870008724,0.952546812304949,11.9754793288005
Cre17.g739450.t1.1,16.7921810004618,35.7132989988215,-1.08867178591505,18.9211179983597,0.952463218903255,-18.9524117875614
Cre06.g299850.t1.1,2.04409450005621,8.25580149972756,-2.013946388691,6.21170699967135,0.952073116362015,-6.53002939551481
Cre03.g178550.t1.1,41.3666120011376,20.4525829993251,1.01618374749369,20.9140290018125,0.950819215336603,20.9387019296165
Cre01.g062172.t1.1,8.88753150024441,2.54364149991606,1.80488741617662,6.34389000032835,0.949035889433794,6.59564696760968
Cre12.g560200.t1.2,10.8073835002972,23.0672774992388,-1.09383045631877,12.2598939989416,0.948032768613464,-12.3085931743824
Cre02.g108450.t1.2,163.084679004485,306.644684989881,-0.910946690871969,143.560005985396,0.945803611234953,-143.562896120134
Cre02.g112750.t1.2,9.8652910002713,20.667105499318,-1.06690283598794,10.8018144990467,0.945524966562639,-10.8543759900445
Cre09.g410450.t1.2,27.3052795007509,53.9037674982212,-0.981206186324332,26.5984879974703,0.945469237628177,-26.6165799706058
Cre12.g521150.t1.2,56.5166085015542,28.8056829990494,0.972321428415298,27.7109255025048,0.945246321890325,27.7279786707493
Cre17.g729750.t1.2,5.94876750016359,14.029079999537,-1.23775770421067,8.08031249937345,0.94413174320107,-8.17456385514626
Cre09.g417400.t2.1,11.0472495003038,4.21926649986076,1.38862309799902,6.82798300044303,0.942599197503344,6.96775616412023
Cre03.g160700.t1.1,21.2174550005835,10.5855119996507,1.00316056643995,10.6319430009328,0.942404146232724,10.6791639699531
Cre02.g118500.t1.1,76.7885095021117,139.564570995394,-0.861970404470547,62.7760614932827,0.941261703076237,-62.7819790193539
Cre09.g411633.t1.1,1.46161150004019,6.36819949978985,-2.1233256422958,4.90658799974965,0.939868479714668,-5.34631813330615
Cre10.g429880.t4.1,8.27813900022765,2.69262049991114,1.62029556383854,5.58551850031651,0.939757021845742,5.81578667349249
Cre17.g700600.t1.1,7.19373800019783,2.01945199993336,1.83277776146595,5.17428600026447,0.939060410164958,5.48929047650578
Cre02.g110550.t1.1,24.5646940006755,12.4336589995897,0.982335349958356,12.1310350010858,0.938447391885867,12.170743319015
Cre16.g664000.t1.2,7.30574250020091,15.3664784994929,-1.07268377364127,8.060735999292,0.937917967008471,-8.13179656216972
Cre04.g212300.t1.1,7.2689890001999,15.2220074994977,-1.0663320085492,7.95301849929778,0.9375,-8.02418638882655
Cre02.g108350.t1.2,14.18302250039,26.8445844991141,-0.920466061361991,12.6615619987241,0.936106776638431,-12.6949757785375
Cre16.g651550.t1.2,89.637891002465,155.336015994874,-0.793211759120437,65.6981249924089,0.93568880962996,-65.7029132718861
Cre02.g094150.t1.2,9.1782305002524,3.43890949988652,1.41626488910244,5.73932100036588,0.935633080695497,5.91148135253298
Cre11.g482700.t1.2,69.9715515019242,40.0183454986794,0.80610695904145,29.9532060032448,0.935270842621489,29.9640510996467
Cre01.g038300.t1.2,14.401131000396,26.938716499111,-0.903498995994316,12.537585498715,0.935159384752564,-12.5700978744539
Cre04.g228400.t1.1,44.3866995012206,76.9372989974611,-0.793555745514526,32.5505994962404,0.933710432456531,-32.5602711641947
Cre12.g503450.t1.2,78.1668585021496,133.678607995589,-0.774139653052561,55.511749493439,0.933654703522069,-55.5171471171273
Cre06.g264950.t1.2,0.845859500023261,5.02148699983429,-2.56962469687723,4.17562749981103,0.931704190815872,-4.90294157623559
Cre03.g152500.t1.1,2.94201850008091,8.17327849973028,-1.47410857573362,5.23125999964938,0.931397681676326,-5.43498641000904
Cre13.g562400.t1.2,13.965318500384,25.4368039991606,-0.865068938100029,11.4714854987765,0.931369817209095,-11.504056841667
Cre09.g393728.t1.1,5.39470550014835,11.8302254996096,-1.1328614641154,6.43551999946125,0.931091172536781,-6.53446958523363
Cre02.g142306.t1.1,6.42518700017669,1.79835499994065,1.83706060275073,4.62683200023604,0.931007579135087,4.97818902981668
Cre06.g289900.t1.1,9.11007350025053,3.68062499987854,1.30751192540099,5.42944850037199,0.929419304502898,5.5846663690195
Cre02.g085150.t2.1,4.36588750012006,0.523165499982736,3.06093564462006,3.84272200013733,0.928444048149799,4.91282397311821
Cre16.g650400.t1.1,4.18470600011508,0.405836999986607,3.36615396253943,3.77886900012847,0.927831029870709,5.06071570231443
Cre05.g241636.t1.1,12.9913880003573,23.1033119992376,-0.830544108899997,10.1119239988803,0.926604993312528,-10.1459750874896
Cre14.g612350.t1.1,6.47324600017801,1.95396449993552,1.72808507473988,4.51928150024249,0.926493535443602,4.83840710399329
Cre01.g062902.t1.1,11.1158125003057,20.1151714993362,-0.855670633532239,8.99935899903052,0.925713330361123,-9.03994660529148
Cre08.g370200.t2.1,9.42938600025931,4.06926249986571,1.21239648332192,5.36012350039359,0.925546143557735,5.4955281067649
Cre08.g383150.t1.2,7.64990200021037,15.0343934995039,-0.974753498258694,7.38449149929349,0.925462550156041,-7.44854744802672
Cre04.g227900.t1.2,37.2184645010235,22.0958629992708,0.752242256644739,15.1226015017527,0.924933125278645,15.1412993033456
Cre03.g144284.t1.1,15.1328055004162,7.82519099974177,0.951481605061132,7.30761450067438,0.924347971466786,7.36929758764268
Cre02.g078700.t1.1,19.9712290005492,11.2369794996292,0.829668825673806,8.73424950092003,0.922926883637985,8.77356624780464
Cre01.g048850.t1.2,19.8303030005453,11.181306499631,0.826617949346864,8.64899650091432,0.922648238965671,8.68840823781955
Cre07.g344050.t1.1,2.40883100006624,6.98819349976939,-1.53658637652202,4.57936249970315,0.922648238965671,-4.83028556052336
Cre16.g672300.t1.2,279.204385507678,176.472280494176,0.661880013397606,102.732105013502,0.922564645563977,102.734237163943
Cre06.g278159.t1.1,249.303668506856,157.707010994796,0.660657314514764,91.5966575120602,0.922453187695051,91.5990400357388
Cre12.g512750.t1.1,1.92873600005304,6.27295449979299,-1.70148941338189,4.34421849973995,0.922397458760589,-4.66554397657267
Cre01.g004600.t1.1,4.82111800013258,10.181529499664,-1.07851465741823,5.36041149953143,0.920837048595631,-5.46783369448768
Cre09.g386753.t1.1,89.5578415024628,140.669343995358,-0.651416294672061,51.1115024928951,0.920586268390548,-51.1156534759186
Cre05.g242600.t1.2,35.7593030009834,57.1360019981145,-0.676081472845807,21.3766989971311,0.92022403031654,-21.3873875490176
Cre02.g097334.t1.1,14.1343830003887,23.9040009992112,-0.758043206090105,9.76961799882247,0.91980606330807,-9.79898287299327
Cre04.g233302.t1.1,25.3030180006958,15.1194984995011,0.742899184253091,10.1835195011948,0.919276638430673,10.210581209176
Cre07.g318702.t1.1,15.2322610004189,25.395052499162,-0.737417352303949,10.1627914987431,0.91922090949621,-10.1895100666521
Cre01.g000050.t1.1,1.8220020000501,5.98117299980262,-1.71490390398802,4.15917099975252,0.919137316094516,-4.49884416323745
Cre04.g224600.t1.2,8.46628850023282,15.5527159994868,-0.877364986461702,7.08642749925394,0.919109451627285,-7.14053387511406
Cre02.g089150.t1.1,10.9866915003021,5.50179299981844,0.997783237141592,5.48489850048369,0.918997993758359,5.57491551047449
Cre14.g632950.t1.2,23.1938260006378,37.6121199987588,-0.697456802556154,14.418293998121,0.918970129291128,-14.4351531965436
Cre13.g572150.t1.1,4.83191000013288,10.0744234996675,-1.06003179594066,5.24251349953467,0.918580026749889,-5.34860871640545
Cre10.g441000.t1.2,32.5749300008958,51.9539424982855,-0.673471152816067,19.3790124973897,0.917911279536335,-19.3907114043725
Cre02.g079200.t1.2,67.8296760018653,43.303846998571,0.647421405753294,24.5258290032943,0.917632634864021,24.5343726794769
Cre17.g710400.t1.2,0.212019500005831,3.58992249988153,-4.08168383457244,3.3779029998757,0.917576905929559,-5.2981479407411
Cre12.g516150.t1.2,6.54812650018007,12.6163779995837,-0.946143692565264,6.06825149940359,0.916713107445386,-6.14156854126003
Cre01.g033900.t2.1,1.0507575000289,4.7637624998428,-2.18067173449047,3.7130049998139,0.916072224699064,-4.30601153531301
Cre04.g231516.t1.1,6.38211400017551,12.3083359995938,-0.947529448764633,5.92622199941832,0.915737851092287,-6.00149308444706
Cre04.g212050.t1.1,7.43129450020436,2.97645399990178,1.32001894588483,4.45484050030258,0.915514935354436,4.64629464203801
Cre03.g149201.t1.1,8.77302200024126,3.97080949986896,1.1436407373997,4.8022125003723,0.915264155149354,4.93651284156864
Cre10.g431450.t1.1,30.2026430008306,47.2984479984391,-0.647118041495354,17.0958049976086,0.914901917075346,-17.1080481141446
Cre01.g025050.t1.2,43.1480775011866,27.4054614990956,0.654832850939268,15.7426160020909,0.914233169861792,15.7562293919567
Cre11.g480950.t1.2,286.933240507891,191.057979993695,0.586704593884541,95.8752605141956,0.914065983058404,95.8770556543398
Cre03.g184151.t1.1,10.4770140002881,17.9626779994072,-0.777774852612786,7.48566399911911,0.913230049041462,-7.52596168134444
Cre11.g469500.t1.1,14.9419125004109,8.40489899972264,0.830062430642948,6.53701350068827,0.912477708426215,6.5895029514331
Cre08.g377200.t1.1,2.16452500005952,6.25617249979355,-1.53122982860527,4.09164749973402,0.912449843958984,-4.36878061363697
Cre16.g648800.t1.1,10.9387305003008,18.4932659993897,-0.757554718930842,7.55453549908891,0.911892554614356,-7.59242357611645
Cre09.g402350.t1.2,53.1201220014608,34.6090129988579,0.618110661714727,18.5111090026029,0.91158604547481,18.5214258980342
Cre14.g620500.t1.2,94.8448675026082,62.8594674979256,0.593439654132397,31.9854000046826,0.911530316540348,31.9909047087238
Cre09.g399663.t2.1,7.42139300020409,13.4634374995557,-0.859284895296092,6.04204449935162,0.910945162728489,-6.10284132707292
Cre01.g041100.t1.1,7.54593400020751,13.6174454995506,-0.851684706239525,6.07151149934311,0.910582924654481,-6.13095577585566
Cre01.g070932.t1.1,10.8887150002994,5.5969304998153,0.960125970470351,5.29178450048414,0.910332144449398,5.37818046171154
Cre02.g101150.t1.2,3.41966050009404,0.24999999999175,3.77385310318713,3.16966050010229,0.909078243423986,4.92835823884018
Cre10.g446900.t1.2,28.6847480007888,43.698140498558,-0.60728804576873,15.0133924977691,0.908493089612127,-15.0256698041253
Cre12.g542500.t1.2,55.599291501529,36.8097524987853,0.594978449519179,18.7895390027437,0.908242309407044,18.7989567607093
Cre09.g394700.t1.1,1.65745300004558,5.33871299982382,-1.68752403344522,3.68125999977824,0.907099866250557,-4.04961881532355
Cre14.g623800.t1.1,4.92621300013547,9.80685049967637,-0.993310876268972,4.8806374995409,0.905706642888988,-4.98069160848562
Cre06.g275500.t1.2,13.271250500365,21.2405044992991,-0.678513716212771,7.9692539989341,0.905260811413286,-7.99808665635826
Cre14.g611200.t1.2,26.9067960007399,40.4660814986646,-0.58874254512043,13.5592854979247,0.905260811413286,-13.5720610446117
Cre14.g610631.t1.1,8.2871120002279,3.92920149987034,1.07663326539367,4.35791050035756,0.905232946946054,4.48893340530676
Cre01.g039500.t1.2,7.26975350019992,3.15995899989572,1.2020006069447,4.1097945003042,0.904647793134195,4.28196406965613
Cre02.g110150.t1.2,24.4432220006722,15.6685054994829,0.641566888984839,8.77471650118925,0.903839723584485,8.79813944816087
Cre01.g020400.t1.2,18.8662625005188,28.8689644990473,-0.613710714216048,10.0027019985285,0.903059518502006,-10.0215112688711
Cre13.g590750.t1.2,7.54121600020738,3.41659699988725,1.14223708618807,4.12461900032013,0.902613687026304,4.27985834565412
Cre06.g278108.t1.1,7.51802650020675,3.40685349988757,1.14191409013981,4.11117300031917,0.902418635755684,4.26681511526023
Cre02.g104700.t1.2,19.8581870005461,30.1695834990044,-0.603360865070753,10.3113964984583,0.902390771288453,-10.3290339374947
Cre09.g392542.t1.1,16.6429655004577,10.1151709996662,0.718391811468563,6.52779450079148,0.901861346411057,6.5672054817364
Cre11.g467577.t1.1,8.21391750022588,4.03987299986668,1.02376051693405,4.1740445003592,0.899604324565314,4.29775907735787
Cre07.g321550.t1.2,41.1381785011313,27.9894024990764,0.555597226782293,13.1487760020549,0.897598082924654,13.1605090566674
Cre12.g508150.t1.2,81.9024375022523,117.195707496133,-0.516941435691473,35.2932699938802,0.897403031654035,-35.2970556181229
Cre10.g460400.t2.1,3.15438650008675,0.24999999999175,3.65735944127819,2.904386500095,0.897263709317878,4.67030395420263
Cre07.g330050.t1.1,0.406132500011169,3.35363049988933,-3.04570135673661,2.94749799987816,0.89690147124387,-4.23840078493209
Cre03.g153050.t1.1,12.8436580003532,7.63290599974811,0.750751825177575,5.21075200060509,0.894672313865359,5.2645574092052
Cre03.g160600.t1.1,20.2420955005567,13.1602839995657,0.621168025483538,7.08181150099094,0.893780650913955,7.10900160721959
Cre10.g429200.t1.1,2.45883050006762,5.96394799980319,-1.27829539277495,3.50511749973557,0.892359563085154,-3.73093658457796
Cre02.g082550.t1.2,65.7698130018087,92.152164496959,-0.486592484320892,26.3823514951503,0.890186134641106,-26.3868384362253
Cre13.g572950.t1.1,6.51753450017923,2.94670149990276,1.14522539137062,3.57083300027647,0.88946165849309,3.74998526835819
Cre07.g341800.t1.2,22.6573755006231,15.2033639994983,0.575590177897972,7.45401150112479,0.889015827017387,7.47620167677366
Cre07.g334300.t1.1,5.17187850014223,1.90397649993717,1.44167271105616,3.26790200020506,0.888486402139991,3.57177878496811
Cre08.g364400.t1.1,21.6864990005964,14.5556604995197,0.575216860866523,7.13083850107672,0.887566874721355,7.15400112981981
Cre09.g399067.t2.1,3.91354450010762,7.78356549974314,-0.991955327562689,3.87002099963552,0.886424431564868,-3.99512677014133
Cre12.g495100.t1.2,5.79338300015932,2.44974649991916,1.24177357794993,3.34363650024016,0.885699955416852,3.5667781911177
Cre16.g671900.t1.1,80.910620002225,112.010515996304,-0.469233202096698,31.0998959940786,0.884975479268836,-31.1034356726143
Cre08.g358543.t1.1,5.85841900016111,10.1858169996639,-0.797978417790636,4.32739799950276,0.884529647793134,-4.40035714475089
Cre08.g385300.t1.2,1.34745350003706,4.34265899985669,-1.68834318485338,2.99520549981964,0.883777307177887,-3.43827844945558
Cre13.g587550.t2.1,4.30851700011848,8.15817299973078,-0.921054724472238,3.8496559996123,0.88324788230049,-3.95830685026105
Cre12.g504550.t1.2,2.88977050007947,0.24999999999175,3.53095492130488,2.63977050008772,0.883052831029871,4.40863141455719
Cre10.g427850.t1.1,4.17369550011478,1.21352599995995,1.78212033102119,2.96016950015482,0.883024966562639,3.45522160561171
Cre13.g571200.t1.1,8.41512050023142,13.3712749995587,-0.66808120272155,4.95615449932733,0.882272625947392,-5.00097989544374
Cre12.g523000.t1.1,6.18860750017019,2.83611149990641,1.12570057252807,3.35249600026378,0.882189032545698,3.53644329952774
Cre03.g163200.t1.1,1.18383950003256,4.10799749986444,-1.7949618039148,2.92415799983188,0.88182679447169,-3.43112049999615
Cre01.g048800.t1.1,8.82297450024263,4.90055149983828,0.848320998498861,3.92242300040435,0.880210655372269,4.01310985528619
Cre17.g702650.t1.1,75.2654880020698,54.7013459981949,0.460412154860617,20.5641420038749,0.880182790905038,20.5692954596864
Cre12.g514400.t1.2,2.84312200007819,0.24999999999175,3.50747600730484,2.59312200008644,0.879736959429336,4.36195708932944
Cre08.g378800.t1.2,254.443310506997,187.25760249382,0.442319970327998,67.1857080131767,0.878928889879625,67.1871640135821
Cre16.g679151.t1.1,12.2846920003378,7.67247849974681,0.679097084145827,4.61221350059102,0.878315871600535,4.6619401781586
Cre07.g335150.t1.1,10.8564160002985,6.54505799978401,0.730070026720898,4.31135800051454,0.878092955862684,4.37273484818334
Cre03.g155450.t1.1,14.3168050003937,20.8463214993121,-0.542083260504068,6.52951649891836,0.876588274632189,-6.5519798512332
Cre11.g475100.t1.2,2.87041100007894,0.314964999989606,3.18799389879912,2.55544600008933,0.876448952296032,4.08578136445808
Cre01.g000600.t1.2,12.0064505003302,17.8100959994123,-0.568885586618569,5.80364549908209,0.876281765492644,-5.83146052800481
Cre03.g158550.t1.2,17.6573635004856,11.8888799996077,0.570657132477987,5.76848350087791,0.876086714222024,5.79664139504495
Cre03.g212977.t1.1,7.03466250019345,11.3995949996238,-0.696429455287153,4.36493249943036,0.875835934016942,-4.42014136773644
Cre06.g265350.t1.2,0.201165500005532,2.71536799991039,-3.75469292387264,2.51420249990486,0.875473695942934,-4.51873136655712
Cre12.g557300.t1.1,13.8817150003817,20.1918209993337,-0.540585210973012,6.31010599895192,0.875334373606777,-6.33321956735528
Cre16.g680050.t1.1,12.3908830003407,18.2329489993983,-0.55726892130172,5.84206599905756,0.875167186803388,-5.86858447907101
Cre07.g349152.t2.1,8.84988350024337,13.6183174995506,-0.621818105094829,4.76843399930722,0.873690370040125,-4.80880656312695
Cre07.g351850.t1.2,14.2424670003917,9.36461849969097,0.604906935929799,4.8778485007007,0.873216674097191,4.91521295539919
Cre01.g009550.t1.1,3.84689100010579,7.30231699975902,-0.924661346633953,3.45542599965323,0.87238074008025,-3.57700537391803
Cre02.g073650.t1.2,3.92649300010798,7.39961099975581,-0.914208104569372,3.47311799964783,0.872297146678556,-3.59142382599688
Cre17.g709550.t1.2,22.6065580006217,15.8308954994776,0.513998482763502,6.7756625011441,0.872297146678556,6.79513037179519
Cre13.g591200.t1.2,4.34634050011952,1.5059309999503,1.52914553339244,2.84040950016922,0.872129959875167,3.22586611485127
Cre09.g386350.t1.1,11.8835705003268,17.3835399994263,-0.548753534862949,5.49996949909954,0.870903923316986,-5.52727735264387
Cre06.g274750.t1.2,2.68264000007377,0.24999999999175,3.42365346353331,2.43264000008202,0.869427106553723,4.19989766641554
Cre03.g210625.t1.1,7.61010500020928,4.19138549986168,0.860489140933487,3.41871950034759,0.867476593847526,3.52534885986073
Cre13.g571050.t1.1,9.0401490002486,5.36643999982291,0.752381203949858,3.67370900042569,0.86616696388765,3.74996203925664
Cre05.g240650.t1.2,4.66832500012838,8.15927399973074,-0.805535786717759,3.49094899960236,0.866083370485956,-3.58268235007065
Cre09.g413050.t1.1,21.9120340006026,15.6412744994838,0.486365337073218,6.27075950111874,0.865442487739634,6.28959267059301
Cre16.g695600.t1.2,4.2761760001176,7.64969549974756,-0.839081088544581,3.37351949962996,0.864690147124387,-3.47630419951085
Cre13.g573000.t1.2,0.682570500018771,3.16526349989555,-2.21327563610622,2.48269299987678,0.864272180115916,-3.32601166158787
Cre07.g354100.t1.2,10.8765685002991,15.8253129994778,-0.54101056840842,4.94874449917866,0.862851092287115,-4.97822905793623
Cre02.g118250.t1.1,50.1669450013796,66.5702919978032,-0.408141410884757,16.4033469964236,0.86173651359786,-16.4084238151127
Cre03.g197100.t1.2,26.6232755007321,35.8540779988168,-0.429449139560698,9.23080249808468,0.861039901917075,-9.24078683457831
Cre02.g144800.t1.1,28.3665860007801,20.8942454993105,0.441086865384776,7.47234050146959,0.858058403923317,7.48534770018854
Cre14.g609350.t1.1,4.89320700013456,2.15826449992878,1.18090863419296,2.73494250020579,0.858058403923317,2.97900246420566
Cre11.g479800.t1.1,15.5377900004273,10.788203499644,0.526326677543564,4.7495865007833,0.857779759251003,4.77866003184125
Cre16.g686100.t1.1,3.75322550010321,1.23833899995913,1.59972466055981,2.51488650014408,0.856832367365136,2.98056590234306
Cre07.g333746.t1.1,3.24087500008912,6.22319049979463,-0.941271032370563,2.98231549970551,0.855411279536335,-3.1273306342892
Cre12.g534450.t1.1,139.455070003835,181.250113494019,-0.378181512820096,41.7950434901838,0.85529982166741,-41.7967544386283
Cre14.g614400.t1.1,6.29662850017316,9.90277949967321,-0.653253964715253,3.60615099950005,0.853572224699064,-3.66484184837646
Cre01.g012200.t1.1,11.9405695003284,7.97720699973675,0.581916027100704,3.96336250059161,0.852429781542577,4.00585428762611
Cre12.g532900.t1.2,6.64317450018269,3.67308999987879,0.854878564901499,2.9700845003039,0.849754792688364,3.0906664814686
Cre06.g264400.t1.1,7.75609800021329,4.63308199984711,0.743358815844815,3.12301600036618,0.848723807400802,3.21026654152539
Cre16.g662500.t1.2,3.39842250009346,6.27443249979294,-0.884619755300727,2.87600999969949,0.848222246990638,-3.00898415247401
Cre07.g323000.t1.2,14.6662805004033,20.0144449993395,-0.448538573275668,5.3481644989362,0.847609228711547,-5.36694050268844
Cre01.g003376.t1.1,3.29486750009061,6.11160649979832,-0.891331207586687,2.81673899970771,0.846355327686135,-2.95440178616456
Cre14.g614750.t1.1,6.01583400016544,9.36457749969097,-0.638449147971009,3.34874349952553,0.845519393669193,-3.40906150430869
Cre03.g143907.t1.1,31.7001625008718,24.0431154992066,0.398866383780555,7.65704700166517,0.844293357111012,7.66742872010036
Cre04.g219400.t1.2,2.39951200006599,4.95580849983646,-1.04637941251685,2.55629649977047,0.843541016495765,-2.76216611913148
Cre06.g291500.t1.2,2.2291670000613,0.172498499994308,3.69184897972273,2.05666850006699,0.843095185020062,4.22606604399973
Cre16.g647602.t1.1,20.3160110005587,15.030649999504,0.434709760388385,5.2853610010547,0.840503789567543,5.30320784876916
Cre11.g467659.t1.1,6.60794000018172,9.94428749967184,-0.589667419597896,3.33634749949012,0.839249888542131,-3.38805582939379
Cre01.g023773.t1.2,9.54728250026255,13.545678499553,-0.504670605742061,3.99839599929044,0.83883192153366,-4.03011947557909
Cre03.g209953.t2.1,2.2471820000618,0.24999999999175,3.1681169736769,1.99718200007005,0.835934016941596,3.74509026597537
Cre12.g552900.t1.2,157.415431004329,124.041543495907,0.34375358805239,33.3738875084223,0.835711101203745,33.3756578055643
Cre09.g401219.t1.1,3.30744650009095,5.9726494998029,-0.852653240605232,2.66520299971195,0.835655372269282,-2.79827171275203
Cre13.g580550.t1.2,2.64068300007262,5.18985199982873,-0.974782273467514,2.54916899975612,0.83501448952296,-2.72918725447414
Cre11.g467526.t1.1,16.3806175004505,11.9578289996054,0.454034258102341,4.42278850084507,0.834345742309407,4.44603252695456
Cre09.g390430.t1.1,13.4130640003689,9.56034249968451,0.488504626686189,3.85272150068435,0.833872046366473,3.88356791264544
Cre08.g363350.t1.1,2.87690850007911,0.80272999997351,1.84153261621913,2.0741785001056,0.830361123495319,2.77370849710261
Cre16.g679050.t1.2,10.0870415002774,6.89490049977247,0.548901460768493,3.19214100050493,0.825484841729826,3.23899011741907
Cre10.g466250.t1.2,2.48960350006846,4.86683749983939,-0.967068611198185,2.37723399977093,0.825317654926438,-2.56641056505612
Cre03.g179300.t2.1,2.68408000007381,5.09513199983186,-0.924691850566222,2.41105199975805,0.824843958983504,-2.58229099135649
Cre06.g268100.t1.2,0.728514000020034,2.70702149991067,-1.89367774361079,1.97850749989063,0.823060633080696,-2.73870541018386
Cre06.g249050.t1.1,42.9020485011798,33.9514919988796,0.33757156052811,8.95055650230021,0.822503343736068,8.95692002081887
Cre02.g146629.t1.1,5.83821100016055,3.38050499988844,0.788287571614754,2.45770600027211,0.819159607668301,2.58103004231563
Cre13.g590350.t1.2,65.1204890017908,52.2190424982768,0.318535528840704,12.901446503514,0.818156486847971,12.9053782108921
Cre04.g221900.t1.1,2.3707510000652,4.63839499984693,-0.968281538756337,2.26764399978174,0.817961435577352,-2.46572067518656
Cre13.g607500.t1.2,23.3597480006424,18.1118229994023,0.367092946463455,5.24792500124008,0.817097637093179,5.26074843059274
Cre14.g613400.t1.2,14.036351000386,10.3264559996592,0.44282271838873,3.70989500072677,0.817097637093179,3.73622976760513
Cre06.g281000.t1.1,6.56245000018047,9.545547499685,-0.540593422312813,2.98309749950453,0.815983058403923,-3.03168467024492
Cre10.g436800.t2.1,2.25894700006212,0.423874999986012,2.41393963796704,1.83507200007611,0.815481497993758,3.03225886447905
Cre10.g464750.t1.2,2.05401150005648,0.24999999999175,3.03844425912729,1.80401150006473,0.815035666518056,3.53363849427037
Cre07.g318250.t1.1,2.04200500005616,0.24999999999175,3.02998639885264,1.79200500006441,0.813781765492644,3.52024139761577
Cre17.g728200.t1.1,25.4246415006992,32.2003504989374,-0.340848960523367,6.77570899823821,0.813586714222024,-6.78427670740928
Cre14.g618860.t1.1,3.51979300009679,5.90322449980519,-0.746012622461962,2.3834314997084,0.812193490860455,-2.49745481374034
Cre12.g502251.t1.1,0.46982150001292,2.2516694999257,-2.2608104434523,1.78184799991278,0.80706642888988,-2.87858405401269
Cre10.g466550.t1.2,2.97372500008178,5.21773699982781,-0.811152988850798,2.24401199974604,0.807010699955417,-2.38611798248238
Cre02.g091550.t1.2,73.8794085020317,60.1660674980145,0.296222251615914,13.7133410040172,0.806982835488186,13.716539983349
Cre03.g174150.t1.1,2.63882900007257,4.8210879998409,-0.869460898670706,2.18225899976834,0.806564868479715,-2.34908846074114
Cre02.g097850.t1.1,2.57216950007073,0.753969499975119,1.77040764706797,1.81820000009562,0.805088051716451,2.53775382516595
Cre11.g481800.t1.1,13.382271500368,9.96817049967105,0.424922368999015,3.41410100069696,0.803193267944717,3.44044250971234
Cre13.g586650.t1.1,11.3223300003114,14.9826609995056,-0.404122998657082,3.66033099919421,0.801409942041908,-3.68257225614185
